"x" "y" "dist.to.edge"
-2953.125 -1453.125 47
-2859.375 -1453.125 47
-2765.625 -1453.125 47
-2671.875 -1453.125 47
-2578.125 -1453.125 47
-2484.375 -1453.125 47
-2390.625 -1453.125 47
-2296.875 -1453.125 47
-2203.125 -1453.125 47
-2109.375 -1453.125 47
-2015.625 -1453.125 47
-1921.875 -1453.125 47
-1828.125 -1453.125 47
-1734.375 -1453.125 47
-1640.625 -1453.125 47
-1546.875 -1453.125 47
-1453.125 -1453.125 47
-1359.375 -1453.125 47
-1265.625 -1453.125 47
-1171.875 -1453.125 47
-1078.125 -1453.125 47
-984.375 -1453.125 47
-890.625 -1453.125 47
-796.875 -1453.125 47
-703.125 -1453.125 47
-609.375 -1453.125 47
-515.625 -1453.125 47
-421.875 -1453.125 47
-328.125 -1453.125 47
-234.375 -1453.125 47
-140.625 -1453.125 47
-46.875 -1453.125 47
46.875 -1453.125 47
140.625 -1453.125 47
234.375 -1453.125 47
328.125 -1453.125 47
421.875 -1453.125 47
515.625 -1453.125 47
609.375 -1453.125 47
703.125 -1453.125 47
796.875 -1453.125 47
890.625 -1453.125 47
984.375 -1453.125 47
1078.125 -1453.125 47
1171.875 -1453.125 47
1265.625 -1453.125 47
1359.375 -1453.125 47
1453.125 -1453.125 47
1546.875 -1453.125 47
1640.625 -1453.125 47
1734.375 -1453.125 47
1828.125 -1453.125 47
1921.875 -1453.125 47
2015.625 -1453.125 47
2109.375 -1453.125 47
2203.125 -1453.125 47
2296.875 -1453.125 47
2390.625 -1453.125 47
2484.375 -1453.125 47
2578.125 -1453.125 47
2671.875 -1453.125 47
2765.625 -1453.125 47
2859.375 -1453.125 47
2953.125 -1453.125 47
-2953.125 -1359.375 141
-2859.375 -1359.375 141
-2765.625 -1359.375 141
-2671.875 -1359.375 141
-2578.125 -1359.375 141
-2484.375 -1359.375 141
-2390.625 -1359.375 141
-2296.875 -1359.375 141
-2203.125 -1359.375 141
-2109.375 -1359.375 141
-2015.625 -1359.375 141
-1921.875 -1359.375 141
-1828.125 -1359.375 141
-1734.375 -1359.375 141
-1640.625 -1359.375 141
-1546.875 -1359.375 141
-1453.125 -1359.375 141
-1359.375 -1359.375 141
-1265.625 -1359.375 141
-1171.875 -1359.375 141
-1078.125 -1359.375 141
-984.375 -1359.375 141
-890.625 -1359.375 141
-796.875 -1359.375 141
-703.125 -1359.375 141
-609.375 -1359.375 141
-515.625 -1359.375 141
-421.875 -1359.375 141
-328.125 -1359.375 141
-234.375 -1359.375 141
-140.625 -1359.375 141
-46.875 -1359.375 141
46.875 -1359.375 141
140.625 -1359.375 141
234.375 -1359.375 141
328.125 -1359.375 141
421.875 -1359.375 141
515.625 -1359.375 141
609.375 -1359.375 141
703.125 -1359.375 141
796.875 -1359.375 141
890.625 -1359.375 141
984.375 -1359.375 141
1078.125 -1359.375 141
1171.875 -1359.375 141
1265.625 -1359.375 141
1359.375 -1359.375 141
1453.125 -1359.375 141
1546.875 -1359.375 141
1640.625 -1359.375 141
1734.375 -1359.375 141
1828.125 -1359.375 141
1921.875 -1359.375 141
2015.625 -1359.375 141
2109.375 -1359.375 141
2203.125 -1359.375 141
2296.875 -1359.375 141
2390.625 -1359.375 141
2484.375 -1359.375 141
2578.125 -1359.375 141
2671.875 -1359.375 141
2765.625 -1359.375 141
2859.375 -1359.375 141
2953.125 -1359.375 141
-2953.125 -1265.625 234
-2859.375 -1265.625 234
-2765.625 -1265.625 234
-2671.875 -1265.625 234
-2578.125 -1265.625 234
-2484.375 -1265.625 234
-2390.625 -1265.625 234
-2296.875 -1265.625 234
-2203.125 -1265.625 234
-2109.375 -1265.625 234
-2015.625 -1265.625 234
-1921.875 -1265.625 234
-1828.125 -1265.625 234
-1734.375 -1265.625 234
-1640.625 -1265.625 234
-1546.875 -1265.625 234
-1453.125 -1265.625 234
-1359.375 -1265.625 234
-1265.625 -1265.625 234
-1171.875 -1265.625 234
-1078.125 -1265.625 234
-984.375 -1265.625 234
-890.625 -1265.625 234
-796.875 -1265.625 234
-703.125 -1265.625 234
-609.375 -1265.625 234
-515.625 -1265.625 234
-421.875 -1265.625 234
-328.125 -1265.625 234
-234.375 -1265.625 234
-140.625 -1265.625 234
-46.875 -1265.625 234
46.875 -1265.625 234
140.625 -1265.625 234
234.375 -1265.625 234
328.125 -1265.625 234
421.875 -1265.625 234
515.625 -1265.625 234
609.375 -1265.625 234
703.125 -1265.625 234
796.875 -1265.625 234
890.625 -1265.625 234
984.375 -1265.625 234
1078.125 -1265.625 234
1171.875 -1265.625 234
1265.625 -1265.625 234
1359.375 -1265.625 234
1453.125 -1265.625 234
1546.875 -1265.625 234
1640.625 -1265.625 234
1734.375 -1265.625 234
1828.125 -1265.625 234
1921.875 -1265.625 234
2015.625 -1265.625 234
2109.375 -1265.625 234
2203.125 -1265.625 234
2296.875 -1265.625 234
2390.625 -1265.625 234
2484.375 -1265.625 234
2578.125 -1265.625 234
2671.875 -1265.625 234
2765.625 -1265.625 234
2859.375 -1265.625 234
2953.125 -1265.625 234
-2953.125 -1171.875 328
-2859.375 -1171.875 328
-2765.625 -1171.875 328
-2671.875 -1171.875 328
-2578.125 -1171.875 328
-2484.375 -1171.875 328
-2390.625 -1171.875 328
-2296.875 -1171.875 328
-2203.125 -1171.875 328
-2109.375 -1171.875 328
-2015.625 -1171.875 328
-1921.875 -1171.875 328
-1828.125 -1171.875 328
-1734.375 -1171.875 328
-1640.625 -1171.875 328
-1546.875 -1171.875 328
-1453.125 -1171.875 328
-1359.375 -1171.875 328
-1265.625 -1171.875 328
-1171.875 -1171.875 328
-1078.125 -1171.875 328
-984.375 -1171.875 328
-890.625 -1171.875 328
-796.875 -1171.875 328
-703.125 -1171.875 328
-609.375 -1171.875 328
-515.625 -1171.875 328
-421.875 -1171.875 328
-328.125 -1171.875 328
-234.375 -1171.875 328
-140.625 -1171.875 328
-46.875 -1171.875 328
46.875 -1171.875 328
140.625 -1171.875 328
234.375 -1171.875 328
328.125 -1171.875 328
421.875 -1171.875 328
515.625 -1171.875 328
609.375 -1171.875 328
703.125 -1171.875 328
796.875 -1171.875 328
890.625 -1171.875 328
984.375 -1171.875 328
1078.125 -1171.875 328
1171.875 -1171.875 328
1265.625 -1171.875 328
1359.375 -1171.875 328
1453.125 -1171.875 328
1546.875 -1171.875 328
1640.625 -1171.875 328
1734.375 -1171.875 328
1828.125 -1171.875 328
1921.875 -1171.875 328
2015.625 -1171.875 328
2109.375 -1171.875 328
2203.125 -1171.875 328
2296.875 -1171.875 328
2390.625 -1171.875 328
2484.375 -1171.875 328
2578.125 -1171.875 328
2671.875 -1171.875 328
2765.625 -1171.875 328
2859.375 -1171.875 328
2953.125 -1171.875 328
-2953.125 -1078.125 422
-2859.375 -1078.125 422
-2765.625 -1078.125 422
-2671.875 -1078.125 422
-2578.125 -1078.125 422
-2484.375 -1078.125 422
-2390.625 -1078.125 422
-2296.875 -1078.125 422
-2203.125 -1078.125 422
-2109.375 -1078.125 422
-2015.625 -1078.125 422
-1921.875 -1078.125 422
-1828.125 -1078.125 422
-1734.375 -1078.125 422
-1640.625 -1078.125 422
-1546.875 -1078.125 422
-1453.125 -1078.125 422
-1359.375 -1078.125 422
-1265.625 -1078.125 422
-1171.875 -1078.125 422
-1078.125 -1078.125 422
-984.375 -1078.125 422
-890.625 -1078.125 422
-796.875 -1078.125 422
-703.125 -1078.125 422
-609.375 -1078.125 422
-515.625 -1078.125 422
-421.875 -1078.125 422
-328.125 -1078.125 422
-234.375 -1078.125 422
-140.625 -1078.125 422
-46.875 -1078.125 422
46.875 -1078.125 422
140.625 -1078.125 422
234.375 -1078.125 422
328.125 -1078.125 422
421.875 -1078.125 422
515.625 -1078.125 422
609.375 -1078.125 422
703.125 -1078.125 422
796.875 -1078.125 422
890.625 -1078.125 422
984.375 -1078.125 422
1078.125 -1078.125 422
1171.875 -1078.125 422
1265.625 -1078.125 422
1359.375 -1078.125 422
1453.125 -1078.125 422
1546.875 -1078.125 422
1640.625 -1078.125 422
1734.375 -1078.125 422
1828.125 -1078.125 422
1921.875 -1078.125 422
2015.625 -1078.125 422
2109.375 -1078.125 422
2203.125 -1078.125 422
2296.875 -1078.125 422
2390.625 -1078.125 422
2484.375 -1078.125 422
2578.125 -1078.125 422
2671.875 -1078.125 422
2765.625 -1078.125 422
2859.375 -1078.125 422
2953.125 -1078.125 422
-2953.125 -984.375 516
-2859.375 -984.375 516
-2765.625 -984.375 516
-2671.875 -984.375 516
-2578.125 -984.375 516
-2484.375 -984.375 516
-2390.625 -984.375 516
-2296.875 -984.375 516
-2203.125 -984.375 516
-2109.375 -984.375 516
-2015.625 -984.375 516
-1921.875 -984.375 516
-1828.125 -984.375 516
-1734.375 -984.375 516
-1640.625 -984.375 516
-1546.875 -984.375 516
-1453.125 -984.375 516
-1359.375 -984.375 516
-1265.625 -984.375 516
-1171.875 -984.375 516
-1078.125 -984.375 516
-984.375 -984.375 516
-890.625 -984.375 516
-796.875 -984.375 516
-703.125 -984.375 516
-609.375 -984.375 516
-515.625 -984.375 516
-421.875 -984.375 516
-328.125 -984.375 516
-234.375 -984.375 516
-140.625 -984.375 516
-46.875 -984.375 516
46.875 -984.375 516
140.625 -984.375 516
234.375 -984.375 516
328.125 -984.375 516
421.875 -984.375 516
515.625 -984.375 516
609.375 -984.375 516
703.125 -984.375 516
796.875 -984.375 516
890.625 -984.375 516
984.375 -984.375 516
1078.125 -984.375 516
1171.875 -984.375 516
1265.625 -984.375 516
1359.375 -984.375 516
1453.125 -984.375 516
1546.875 -984.375 516
1640.625 -984.375 516
1734.375 -984.375 516
1828.125 -984.375 516
1921.875 -984.375 516
2015.625 -984.375 516
2109.375 -984.375 516
2203.125 -984.375 516
2296.875 -984.375 516
2390.625 -984.375 516
2484.375 -984.375 516
2578.125 -984.375 516
2671.875 -984.375 516
2765.625 -984.375 516
2859.375 -984.375 516
2953.125 -984.375 516
-2953.125 -890.625 609
-2859.375 -890.625 609
-2765.625 -890.625 609
-2671.875 -890.625 609
-2578.125 -890.625 609
-2484.375 -890.625 609
-2390.625 -890.625 609
-2296.875 -890.625 609
-2203.125 -890.625 609
-2109.375 -890.625 609
-2015.625 -890.625 609
-1921.875 -890.625 609
-1828.125 -890.625 609
-1734.375 -890.625 609
-1640.625 -890.625 609
-1546.875 -890.625 609
-1453.125 -890.625 609
-1359.375 -890.625 609
-1265.625 -890.625 609
-1171.875 -890.625 609
-1078.125 -890.625 609
-984.375 -890.625 609
-890.625 -890.625 609
-796.875 -890.625 609
-703.125 -890.625 609
-609.375 -890.625 609
-515.625 -890.625 609
-421.875 -890.625 609
-328.125 -890.625 609
-234.375 -890.625 609
-140.625 -890.625 609
-46.875 -890.625 609
46.875 -890.625 609
140.625 -890.625 609
234.375 -890.625 609
328.125 -890.625 609
421.875 -890.625 609
515.625 -890.625 609
609.375 -890.625 609
703.125 -890.625 609
796.875 -890.625 609
890.625 -890.625 609
984.375 -890.625 609
1078.125 -890.625 609
1171.875 -890.625 609
1265.625 -890.625 609
1359.375 -890.625 609
1453.125 -890.625 609
1546.875 -890.625 609
1640.625 -890.625 609
1734.375 -890.625 609
1828.125 -890.625 609
1921.875 -890.625 609
2015.625 -890.625 609
2109.375 -890.625 609
2203.125 -890.625 609
2296.875 -890.625 609
2390.625 -890.625 609
2484.375 -890.625 609
2578.125 -890.625 609
2671.875 -890.625 609
2765.625 -890.625 609
2859.375 -890.625 609
2953.125 -890.625 609
-2953.125 -796.875 703
-2859.375 -796.875 703
-2765.625 -796.875 703
-2671.875 -796.875 703
-2578.125 -796.875 703
-2484.375 -796.875 703
-2390.625 -796.875 703
-2296.875 -796.875 703
-2203.125 -796.875 703
-2109.375 -796.875 703
-2015.625 -796.875 703
-1921.875 -796.875 703
-1828.125 -796.875 703
-1734.375 -796.875 703
-1640.625 -796.875 703
-1546.875 -796.875 703
-1453.125 -796.875 703
-1359.375 -796.875 703
-1265.625 -796.875 703
-1171.875 -796.875 703
-1078.125 -796.875 703
-984.375 -796.875 703
-890.625 -796.875 703
-796.875 -796.875 703
-703.125 -796.875 703
-609.375 -796.875 703
-515.625 -796.875 703
-421.875 -796.875 703
-328.125 -796.875 703
-234.375 -796.875 703
-140.625 -796.875 703
-46.875 -796.875 703
46.875 -796.875 703
140.625 -796.875 703
234.375 -796.875 703
328.125 -796.875 703
421.875 -796.875 703
515.625 -796.875 703
609.375 -796.875 703
703.125 -796.875 703
796.875 -796.875 703
890.625 -796.875 703
984.375 -796.875 703
1078.125 -796.875 703
1171.875 -796.875 703
1265.625 -796.875 703
1359.375 -796.875 703
1453.125 -796.875 703
1546.875 -796.875 703
1640.625 -796.875 703
1734.375 -796.875 703
1828.125 -796.875 703
1921.875 -796.875 703
2015.625 -796.875 703
2109.375 -796.875 703
2203.125 -796.875 703
2296.875 -796.875 703
2390.625 -796.875 703
2484.375 -796.875 703
2578.125 -796.875 703
2671.875 -796.875 703
2765.625 -796.875 703
2859.375 -796.875 703
2953.125 -796.875 703
-2953.125 -703.125 797
-2859.375 -703.125 797
-2765.625 -703.125 797
-2671.875 -703.125 797
-2578.125 -703.125 797
-2484.375 -703.125 797
-2390.625 -703.125 797
-2296.875 -703.125 797
-2203.125 -703.125 797
-2109.375 -703.125 797
-2015.625 -703.125 797
-1921.875 -703.125 797
-1828.125 -703.125 797
-1734.375 -703.125 797
-1640.625 -703.125 797
-1546.875 -703.125 797
-1453.125 -703.125 797
-1359.375 -703.125 797
-1265.625 -703.125 797
-1171.875 -703.125 797
-1078.125 -703.125 797
-984.375 -703.125 797
-890.625 -703.125 797
-796.875 -703.125 797
-703.125 -703.125 797
-609.375 -703.125 797
-515.625 -703.125 797
-421.875 -703.125 797
-328.125 -703.125 797
-234.375 -703.125 797
-140.625 -703.125 797
-46.875 -703.125 797
46.875 -703.125 797
140.625 -703.125 797
234.375 -703.125 797
328.125 -703.125 797
421.875 -703.125 797
515.625 -703.125 797
609.375 -703.125 797
703.125 -703.125 797
796.875 -703.125 797
890.625 -703.125 797
984.375 -703.125 797
1078.125 -703.125 797
1171.875 -703.125 797
1265.625 -703.125 797
1359.375 -703.125 797
1453.125 -703.125 797
1546.875 -703.125 797
1640.625 -703.125 797
1734.375 -703.125 797
1828.125 -703.125 797
1921.875 -703.125 797
2015.625 -703.125 797
2109.375 -703.125 797
2203.125 -703.125 797
2296.875 -703.125 797
2390.625 -703.125 797
2484.375 -703.125 797
2578.125 -703.125 797
2671.875 -703.125 797
2765.625 -703.125 797
2859.375 -703.125 797
2953.125 -703.125 797
-2953.125 -609.375 891
-2859.375 -609.375 891
-2765.625 -609.375 891
-2671.875 -609.375 891
-2578.125 -609.375 891
-2484.375 -609.375 891
-2390.625 -609.375 891
-2296.875 -609.375 891
-2203.125 -609.375 891
-2109.375 -609.375 891
-2015.625 -609.375 891
-1921.875 -609.375 891
-1828.125 -609.375 891
-1734.375 -609.375 891
-1640.625 -609.375 891
-1546.875 -609.375 891
-1453.125 -609.375 891
-1359.375 -609.375 891
-1265.625 -609.375 891
-1171.875 -609.375 891
-1078.125 -609.375 891
-984.375 -609.375 891
-890.625 -609.375 891
-796.875 -609.375 891
-703.125 -609.375 891
-609.375 -609.375 891
-515.625 -609.375 891
-421.875 -609.375 891
-328.125 -609.375 891
-234.375 -609.375 891
-140.625 -609.375 891
-46.875 -609.375 891
46.875 -609.375 891
140.625 -609.375 891
234.375 -609.375 891
328.125 -609.375 891
421.875 -609.375 891
515.625 -609.375 891
609.375 -609.375 891
703.125 -609.375 891
796.875 -609.375 891
890.625 -609.375 891
984.375 -609.375 891
1078.125 -609.375 891
1171.875 -609.375 891
1265.625 -609.375 891
1359.375 -609.375 891
1453.125 -609.375 891
1546.875 -609.375 891
1640.625 -609.375 891
1734.375 -609.375 891
1828.125 -609.375 891
1921.875 -609.375 891
2015.625 -609.375 891
2109.375 -609.375 891
2203.125 -609.375 891
2296.875 -609.375 891
2390.625 -609.375 891
2484.375 -609.375 891
2578.125 -609.375 891
2671.875 -609.375 891
2765.625 -609.375 891
2859.375 -609.375 891
2953.125 -609.375 891
-2953.125 -515.625 984
-2859.375 -515.625 984
-2765.625 -515.625 984
-2671.875 -515.625 984
-2578.125 -515.625 984
-2484.375 -515.625 984
-2390.625 -515.625 984
-2296.875 -515.625 984
-2203.125 -515.625 984
-2109.375 -515.625 984
-2015.625 -515.625 984
-1921.875 -515.625 984
-1828.125 -515.625 984
-1734.375 -515.625 984
-1640.625 -515.625 984
-1546.875 -515.625 984
-1453.125 -515.625 984
-1359.375 -515.625 984
-1265.625 -515.625 984
-1171.875 -515.625 984
-1078.125 -515.625 984
-984.375 -515.625 984
-890.625 -515.625 984
-796.875 -515.625 984
-703.125 -515.625 984
-609.375 -515.625 984
-515.625 -515.625 984
-421.875 -515.625 984
-328.125 -515.625 984
-234.375 -515.625 984
-140.625 -515.625 984
-46.875 -515.625 984
46.875 -515.625 984
140.625 -515.625 984
234.375 -515.625 984
328.125 -515.625 984
421.875 -515.625 984
515.625 -515.625 984
609.375 -515.625 984
703.125 -515.625 984
796.875 -515.625 984
890.625 -515.625 984
984.375 -515.625 984
1078.125 -515.625 984
1171.875 -515.625 984
1265.625 -515.625 984
1359.375 -515.625 984
1453.125 -515.625 984
1546.875 -515.625 984
1640.625 -515.625 984
1734.375 -515.625 984
1828.125 -515.625 984
1921.875 -515.625 984
2015.625 -515.625 984
2109.375 -515.625 984
2203.125 -515.625 984
2296.875 -515.625 984
2390.625 -515.625 984
2484.375 -515.625 984
2578.125 -515.625 984
2671.875 -515.625 984
2765.625 -515.625 984
2859.375 -515.625 984
2953.125 -515.625 984
-2953.125 -421.875 1078
-2859.375 -421.875 1078
-2765.625 -421.875 1078
-2671.875 -421.875 1078
-2578.125 -421.875 1078
-2484.375 -421.875 1078
-2390.625 -421.875 1078
-2296.875 -421.875 1078
-2203.125 -421.875 1078
-2109.375 -421.875 1078
-2015.625 -421.875 1078
-1921.875 -421.875 1078
-1828.125 -421.875 1078
-1734.375 -421.875 1078
-1640.625 -421.875 1078
-1546.875 -421.875 1078
-1453.125 -421.875 1078
-1359.375 -421.875 1078
-1265.625 -421.875 1078
-1171.875 -421.875 1078
-1078.125 -421.875 1078
-984.375 -421.875 1078
-890.625 -421.875 1078
-796.875 -421.875 1078
-703.125 -421.875 1078
-609.375 -421.875 1078
-515.625 -421.875 1078
-421.875 -421.875 1078
-328.125 -421.875 1078
-234.375 -421.875 1078
-140.625 -421.875 1078
-46.875 -421.875 1078
46.875 -421.875 1078
140.625 -421.875 1078
234.375 -421.875 1078
328.125 -421.875 1078
421.875 -421.875 1078
515.625 -421.875 1078
609.375 -421.875 1078
703.125 -421.875 1078
796.875 -421.875 1078
890.625 -421.875 1078
984.375 -421.875 1078
1078.125 -421.875 1078
1171.875 -421.875 1078
1265.625 -421.875 1078
1359.375 -421.875 1078
1453.125 -421.875 1078
1546.875 -421.875 1078
1640.625 -421.875 1078
1734.375 -421.875 1078
1828.125 -421.875 1078
1921.875 -421.875 1078
2015.625 -421.875 1078
2109.375 -421.875 1078
2203.125 -421.875 1078
2296.875 -421.875 1078
2390.625 -421.875 1078
2484.375 -421.875 1078
2578.125 -421.875 1078
2671.875 -421.875 1078
2765.625 -421.875 1078
2859.375 -421.875 1078
2953.125 -421.875 1078
-2953.125 -328.125 1172
-2859.375 -328.125 1172
-2765.625 -328.125 1172
-2671.875 -328.125 1172
-2578.125 -328.125 1172
-2484.375 -328.125 1172
-2390.625 -328.125 1172
-2296.875 -328.125 1172
-2203.125 -328.125 1172
-2109.375 -328.125 1172
-2015.625 -328.125 1172
-1921.875 -328.125 1172
-1828.125 -328.125 1172
-1734.375 -328.125 1172
-1640.625 -328.125 1172
-1546.875 -328.125 1172
-1453.125 -328.125 1172
-1359.375 -328.125 1172
-1265.625 -328.125 1172
-1171.875 -328.125 1172
-1078.125 -328.125 1172
-984.375 -328.125 1172
-890.625 -328.125 1172
-796.875 -328.125 1172
-703.125 -328.125 1172
-609.375 -328.125 1172
-515.625 -328.125 1172
-421.875 -328.125 1172
-328.125 -328.125 1172
-234.375 -328.125 1172
-140.625 -328.125 1172
-46.875 -328.125 1172
46.875 -328.125 1172
140.625 -328.125 1172
234.375 -328.125 1172
328.125 -328.125 1172
421.875 -328.125 1172
515.625 -328.125 1172
609.375 -328.125 1172
703.125 -328.125 1172
796.875 -328.125 1172
890.625 -328.125 1172
984.375 -328.125 1172
1078.125 -328.125 1172
1171.875 -328.125 1172
1265.625 -328.125 1172
1359.375 -328.125 1172
1453.125 -328.125 1172
1546.875 -328.125 1172
1640.625 -328.125 1172
1734.375 -328.125 1172
1828.125 -328.125 1172
1921.875 -328.125 1172
2015.625 -328.125 1172
2109.375 -328.125 1172
2203.125 -328.125 1172
2296.875 -328.125 1172
2390.625 -328.125 1172
2484.375 -328.125 1172
2578.125 -328.125 1172
2671.875 -328.125 1172
2765.625 -328.125 1172
2859.375 -328.125 1172
2953.125 -328.125 1172
-2953.125 -234.375 1266
-2859.375 -234.375 1266
-2765.625 -234.375 1266
-2671.875 -234.375 1266
-2578.125 -234.375 1266
-2484.375 -234.375 1266
-2390.625 -234.375 1266
-2296.875 -234.375 1266
-2203.125 -234.375 1266
-2109.375 -234.375 1266
-2015.625 -234.375 1266
-1921.875 -234.375 1266
-1828.125 -234.375 1266
-1734.375 -234.375 1266
-1640.625 -234.375 1266
-1546.875 -234.375 1266
-1453.125 -234.375 1266
-1359.375 -234.375 1266
-1265.625 -234.375 1266
-1171.875 -234.375 1266
-1078.125 -234.375 1266
-984.375 -234.375 1266
-890.625 -234.375 1266
-796.875 -234.375 1266
-703.125 -234.375 1266
-609.375 -234.375 1266
-515.625 -234.375 1266
-421.875 -234.375 1266
-328.125 -234.375 1266
-234.375 -234.375 1266
-140.625 -234.375 1266
-46.875 -234.375 1266
46.875 -234.375 1266
140.625 -234.375 1266
234.375 -234.375 1266
328.125 -234.375 1266
421.875 -234.375 1266
515.625 -234.375 1266
609.375 -234.375 1266
703.125 -234.375 1266
796.875 -234.375 1266
890.625 -234.375 1266
984.375 -234.375 1266
1078.125 -234.375 1266
1171.875 -234.375 1266
1265.625 -234.375 1266
1359.375 -234.375 1266
1453.125 -234.375 1266
1546.875 -234.375 1266
1640.625 -234.375 1266
1734.375 -234.375 1266
1828.125 -234.375 1266
1921.875 -234.375 1266
2015.625 -234.375 1266
2109.375 -234.375 1266
2203.125 -234.375 1266
2296.875 -234.375 1266
2390.625 -234.375 1266
2484.375 -234.375 1266
2578.125 -234.375 1266
2671.875 -234.375 1266
2765.625 -234.375 1266
2859.375 -234.375 1266
2953.125 -234.375 1266
-2953.125 -140.625 1359
-2859.375 -140.625 1359
-2765.625 -140.625 1359
-2671.875 -140.625 1359
-2578.125 -140.625 1359
-2484.375 -140.625 1359
-2390.625 -140.625 1359
-2296.875 -140.625 1359
-2203.125 -140.625 1359
-2109.375 -140.625 1359
-2015.625 -140.625 1359
-1921.875 -140.625 1359
-1828.125 -140.625 1359
-1734.375 -140.625 1359
-1640.625 -140.625 1359
-1546.875 -140.625 1359
-1453.125 -140.625 1359
-1359.375 -140.625 1359
-1265.625 -140.625 1359
-1171.875 -140.625 1359
-1078.125 -140.625 1359
-984.375 -140.625 1359
-890.625 -140.625 1359
-796.875 -140.625 1359
-703.125 -140.625 1359
-609.375 -140.625 1359
-515.625 -140.625 1359
-421.875 -140.625 1359
-328.125 -140.625 1359
-234.375 -140.625 1359
-140.625 -140.625 1359
-46.875 -140.625 1359
46.875 -140.625 1359
140.625 -140.625 1359
234.375 -140.625 1359
328.125 -140.625 1359
421.875 -140.625 1359
515.625 -140.625 1359
609.375 -140.625 1359
703.125 -140.625 1359
796.875 -140.625 1359
890.625 -140.625 1359
984.375 -140.625 1359
1078.125 -140.625 1359
1171.875 -140.625 1359
1265.625 -140.625 1359
1359.375 -140.625 1359
1453.125 -140.625 1359
1546.875 -140.625 1359
1640.625 -140.625 1359
1734.375 -140.625 1359
1828.125 -140.625 1359
1921.875 -140.625 1359
2015.625 -140.625 1359
2109.375 -140.625 1359
2203.125 -140.625 1359
2296.875 -140.625 1359
2390.625 -140.625 1359
2484.375 -140.625 1359
2578.125 -140.625 1359
2671.875 -140.625 1359
2765.625 -140.625 1359
2859.375 -140.625 1359
2953.125 -140.625 1359
-2953.125 -46.875 1453
-2859.375 -46.875 1453
-2765.625 -46.875 1453
-2671.875 -46.875 1453
-2578.125 -46.875 1453
-2484.375 -46.875 1453
-2390.625 -46.875 1453
-2296.875 -46.875 1453
-2203.125 -46.875 1453
-2109.375 -46.875 1453
-2015.625 -46.875 1453
-1921.875 -46.875 1453
-1828.125 -46.875 1453
-1734.375 -46.875 1453
-1640.625 -46.875 1453
-1546.875 -46.875 1453
-1453.125 -46.875 1453
-1359.375 -46.875 1453
-1265.625 -46.875 1453
-1171.875 -46.875 1453
-1078.125 -46.875 1453
-984.375 -46.875 1453
-890.625 -46.875 1453
-796.875 -46.875 1453
-703.125 -46.875 1453
-609.375 -46.875 1453
-515.625 -46.875 1453
-421.875 -46.875 1453
-328.125 -46.875 1453
-234.375 -46.875 1453
-140.625 -46.875 1453
-46.875 -46.875 1453
46.875 -46.875 1453
140.625 -46.875 1453
234.375 -46.875 1453
328.125 -46.875 1453
421.875 -46.875 1453
515.625 -46.875 1453
609.375 -46.875 1453
703.125 -46.875 1453
796.875 -46.875 1453
890.625 -46.875 1453
984.375 -46.875 1453
1078.125 -46.875 1453
1171.875 -46.875 1453
1265.625 -46.875 1453
1359.375 -46.875 1453
1453.125 -46.875 1453
1546.875 -46.875 1453
1640.625 -46.875 1453
1734.375 -46.875 1453
1828.125 -46.875 1453
1921.875 -46.875 1453
2015.625 -46.875 1453
2109.375 -46.875 1453
2203.125 -46.875 1453
2296.875 -46.875 1453
2390.625 -46.875 1453
2484.375 -46.875 1453
2578.125 -46.875 1453
2671.875 -46.875 1453
2765.625 -46.875 1453
2859.375 -46.875 1453
2953.125 -46.875 1453
-2953.125 46.875 1547
-2859.375 46.875 1547
-2765.625 46.875 1547
-2671.875 46.875 1547
-2578.125 46.875 1547
-2484.375 46.875 1547
-2390.625 46.875 1547
-2296.875 46.875 1547
-2203.125 46.875 1547
-2109.375 46.875 1547
-2015.625 46.875 1547
-1921.875 46.875 1547
-1828.125 46.875 1547
-1734.375 46.875 1547
-1640.625 46.875 1547
-1546.875 46.875 1547
-1453.125 46.875 1547
-1359.375 46.875 1547
-1265.625 46.875 1547
-1171.875 46.875 1547
-1078.125 46.875 1547
-984.375 46.875 1547
-890.625 46.875 1547
-796.875 46.875 1547
-703.125 46.875 1547
-609.375 46.875 1547
-515.625 46.875 1547
-421.875 46.875 1547
-328.125 46.875 1547
-234.375 46.875 1547
-140.625 46.875 1547
-46.875 46.875 1547
46.875 46.875 1547
140.625 46.875 1547
234.375 46.875 1547
328.125 46.875 1547
421.875 46.875 1547
515.625 46.875 1547
609.375 46.875 1547
703.125 46.875 1547
796.875 46.875 1547
890.625 46.875 1547
984.375 46.875 1547
1078.125 46.875 1547
1171.875 46.875 1547
1265.625 46.875 1547
1359.375 46.875 1547
1453.125 46.875 1547
1546.875 46.875 1547
1640.625 46.875 1547
1734.375 46.875 1547
1828.125 46.875 1547
1921.875 46.875 1547
2015.625 46.875 1547
2109.375 46.875 1547
2203.125 46.875 1547
2296.875 46.875 1547
2390.625 46.875 1547
2484.375 46.875 1547
2578.125 46.875 1547
2671.875 46.875 1547
2765.625 46.875 1547
2859.375 46.875 1547
2953.125 46.875 1547
-2953.125 140.625 1641
-2859.375 140.625 1641
-2765.625 140.625 1641
-2671.875 140.625 1641
-2578.125 140.625 1641
-2484.375 140.625 1641
-2390.625 140.625 1641
-2296.875 140.625 1641
-2203.125 140.625 1641
-2109.375 140.625 1641
-2015.625 140.625 1641
-1921.875 140.625 1641
-1828.125 140.625 1641
-1734.375 140.625 1641
-1640.625 140.625 1641
-1546.875 140.625 1641
-1453.125 140.625 1641
-1359.375 140.625 1641
-1265.625 140.625 1641
-1171.875 140.625 1641
-1078.125 140.625 1641
-984.375 140.625 1641
-890.625 140.625 1641
-796.875 140.625 1641
-703.125 140.625 1641
-609.375 140.625 1641
-515.625 140.625 1641
-421.875 140.625 1641
-328.125 140.625 1641
-234.375 140.625 1641
-140.625 140.625 1641
-46.875 140.625 1641
46.875 140.625 1641
140.625 140.625 1641
234.375 140.625 1641
328.125 140.625 1641
421.875 140.625 1641
515.625 140.625 1641
609.375 140.625 1641
703.125 140.625 1641
796.875 140.625 1641
890.625 140.625 1641
984.375 140.625 1641
1078.125 140.625 1641
1171.875 140.625 1641
1265.625 140.625 1641
1359.375 140.625 1641
1453.125 140.625 1641
1546.875 140.625 1641
1640.625 140.625 1641
1734.375 140.625 1641
1828.125 140.625 1641
1921.875 140.625 1641
2015.625 140.625 1641
2109.375 140.625 1641
2203.125 140.625 1641
2296.875 140.625 1641
2390.625 140.625 1641
2484.375 140.625 1641
2578.125 140.625 1641
2671.875 140.625 1641
2765.625 140.625 1641
2859.375 140.625 1641
2953.125 140.625 1641
-2953.125 234.375 1734
-2859.375 234.375 1734
-2765.625 234.375 1734
-2671.875 234.375 1734
-2578.125 234.375 1734
-2484.375 234.375 1734
-2390.625 234.375 1734
-2296.875 234.375 1734
-2203.125 234.375 1734
-2109.375 234.375 1734
-2015.625 234.375 1734
-1921.875 234.375 1734
-1828.125 234.375 1734
-1734.375 234.375 1734
-1640.625 234.375 1734
-1546.875 234.375 1734
-1453.125 234.375 1734
-1359.375 234.375 1734
-1265.625 234.375 1734
-1171.875 234.375 1734
-1078.125 234.375 1734
-984.375 234.375 1734
-890.625 234.375 1734
-796.875 234.375 1734
-703.125 234.375 1734
-609.375 234.375 1734
-515.625 234.375 1734
-421.875 234.375 1734
-328.125 234.375 1734
-234.375 234.375 1734
-140.625 234.375 1734
-46.875 234.375 1734
46.875 234.375 1734
140.625 234.375 1734
234.375 234.375 1734
328.125 234.375 1734
421.875 234.375 1734
515.625 234.375 1734
609.375 234.375 1734
703.125 234.375 1734
796.875 234.375 1734
890.625 234.375 1734
984.375 234.375 1734
1078.125 234.375 1734
1171.875 234.375 1734
1265.625 234.375 1734
1359.375 234.375 1734
1453.125 234.375 1734
1546.875 234.375 1734
1640.625 234.375 1734
1734.375 234.375 1734
1828.125 234.375 1734
1921.875 234.375 1734
2015.625 234.375 1734
2109.375 234.375 1734
2203.125 234.375 1734
2296.875 234.375 1734
2390.625 234.375 1734
2484.375 234.375 1734
2578.125 234.375 1734
2671.875 234.375 1734
2765.625 234.375 1734
2859.375 234.375 1734
2953.125 234.375 1734
-2953.125 328.125 1828
-2859.375 328.125 1828
-2765.625 328.125 1828
-2671.875 328.125 1828
-2578.125 328.125 1828
-2484.375 328.125 1828
-2390.625 328.125 1828
-2296.875 328.125 1828
-2203.125 328.125 1828
-2109.375 328.125 1828
-2015.625 328.125 1828
-1921.875 328.125 1828
-1828.125 328.125 1828
-1734.375 328.125 1828
-1640.625 328.125 1828
-1546.875 328.125 1828
-1453.125 328.125 1828
-1359.375 328.125 1828
-1265.625 328.125 1828
-1171.875 328.125 1828
-1078.125 328.125 1828
-984.375 328.125 1828
-890.625 328.125 1828
-796.875 328.125 1828
-703.125 328.125 1828
-609.375 328.125 1828
-515.625 328.125 1828
-421.875 328.125 1828
-328.125 328.125 1828
-234.375 328.125 1828
-140.625 328.125 1828
-46.875 328.125 1828
46.875 328.125 1828
140.625 328.125 1828
234.375 328.125 1828
328.125 328.125 1828
421.875 328.125 1828
515.625 328.125 1828
609.375 328.125 1828
703.125 328.125 1828
796.875 328.125 1828
890.625 328.125 1828
984.375 328.125 1828
1078.125 328.125 1828
1171.875 328.125 1828
1265.625 328.125 1828
1359.375 328.125 1828
1453.125 328.125 1828
1546.875 328.125 1828
1640.625 328.125 1828
1734.375 328.125 1828
1828.125 328.125 1828
1921.875 328.125 1828
2015.625 328.125 1828
2109.375 328.125 1828
2203.125 328.125 1828
2296.875 328.125 1828
2390.625 328.125 1828
2484.375 328.125 1828
2578.125 328.125 1828
2671.875 328.125 1828
2765.625 328.125 1828
2859.375 328.125 1828
2953.125 328.125 1828
-2953.125 421.875 1922
-2859.375 421.875 1922
-2765.625 421.875 1922
-2671.875 421.875 1922
-2578.125 421.875 1922
-2484.375 421.875 1922
-2390.625 421.875 1922
-2296.875 421.875 1922
-2203.125 421.875 1922
-2109.375 421.875 1922
-2015.625 421.875 1922
-1921.875 421.875 1922
-1828.125 421.875 1922
-1734.375 421.875 1922
-1640.625 421.875 1922
-1546.875 421.875 1922
-1453.125 421.875 1922
-1359.375 421.875 1922
-1265.625 421.875 1922
-1171.875 421.875 1922
-1078.125 421.875 1922
-984.375 421.875 1922
-890.625 421.875 1922
-796.875 421.875 1922
-703.125 421.875 1922
-609.375 421.875 1922
-515.625 421.875 1922
-421.875 421.875 1922
-328.125 421.875 1922
-234.375 421.875 1922
-140.625 421.875 1922
-46.875 421.875 1922
46.875 421.875 1922
140.625 421.875 1922
234.375 421.875 1922
328.125 421.875 1922
421.875 421.875 1922
515.625 421.875 1922
609.375 421.875 1922
703.125 421.875 1922
796.875 421.875 1922
890.625 421.875 1922
984.375 421.875 1922
1078.125 421.875 1922
1171.875 421.875 1922
1265.625 421.875 1922
1359.375 421.875 1922
1453.125 421.875 1922
1546.875 421.875 1922
1640.625 421.875 1922
1734.375 421.875 1922
1828.125 421.875 1922
1921.875 421.875 1922
2015.625 421.875 1922
2109.375 421.875 1922
2203.125 421.875 1922
2296.875 421.875 1922
2390.625 421.875 1922
2484.375 421.875 1922
2578.125 421.875 1922
2671.875 421.875 1922
2765.625 421.875 1922
2859.375 421.875 1922
2953.125 421.875 1922
-2953.125 515.625 2016
-2859.375 515.625 2016
-2765.625 515.625 2016
-2671.875 515.625 2016
-2578.125 515.625 2016
-2484.375 515.625 2016
-2390.625 515.625 2016
-2296.875 515.625 2016
-2203.125 515.625 2016
-2109.375 515.625 2016
-2015.625 515.625 2016
-1921.875 515.625 2016
-1828.125 515.625 2016
-1734.375 515.625 2016
-1640.625 515.625 2016
-1546.875 515.625 2016
-1453.125 515.625 2016
-1359.375 515.625 2016
-1265.625 515.625 2016
-1171.875 515.625 2016
-1078.125 515.625 2016
-984.375 515.625 2016
-890.625 515.625 2016
-796.875 515.625 2016
-703.125 515.625 2016
-609.375 515.625 2016
-515.625 515.625 2016
-421.875 515.625 2016
-328.125 515.625 2016
-234.375 515.625 2016
-140.625 515.625 2016
-46.875 515.625 2016
46.875 515.625 2016
140.625 515.625 2016
234.375 515.625 2016
328.125 515.625 2016
421.875 515.625 2016
515.625 515.625 2016
609.375 515.625 2016
703.125 515.625 2016
796.875 515.625 2016
890.625 515.625 2016
984.375 515.625 2016
1078.125 515.625 2016
1171.875 515.625 2016
1265.625 515.625 2016
1359.375 515.625 2016
1453.125 515.625 2016
1546.875 515.625 2016
1640.625 515.625 2016
1734.375 515.625 2016
1828.125 515.625 2016
1921.875 515.625 2016
2015.625 515.625 2016
2109.375 515.625 2016
2203.125 515.625 2016
2296.875 515.625 2016
2390.625 515.625 2016
2484.375 515.625 2016
2578.125 515.625 2016
2671.875 515.625 2016
2765.625 515.625 2016
2859.375 515.625 2016
2953.125 515.625 2016
-2953.125 609.375 2109
-2859.375 609.375 2109
-2765.625 609.375 2109
-2671.875 609.375 2109
-2578.125 609.375 2109
-2484.375 609.375 2109
-2390.625 609.375 2109
-2296.875 609.375 2109
-2203.125 609.375 2109
-2109.375 609.375 2109
-2015.625 609.375 2109
-1921.875 609.375 2109
-1828.125 609.375 2109
-1734.375 609.375 2109
-1640.625 609.375 2109
-1546.875 609.375 2109
-1453.125 609.375 2109
-1359.375 609.375 2109
-1265.625 609.375 2109
-1171.875 609.375 2109
-1078.125 609.375 2109
-984.375 609.375 2109
-890.625 609.375 2109
-796.875 609.375 2109
-703.125 609.375 2109
-609.375 609.375 2109
-515.625 609.375 2109
-421.875 609.375 2109
-328.125 609.375 2109
-234.375 609.375 2109
-140.625 609.375 2109
-46.875 609.375 2109
46.875 609.375 2109
140.625 609.375 2109
234.375 609.375 2109
328.125 609.375 2109
421.875 609.375 2109
515.625 609.375 2109
609.375 609.375 2109
703.125 609.375 2109
796.875 609.375 2109
890.625 609.375 2109
984.375 609.375 2109
1078.125 609.375 2109
1171.875 609.375 2109
1265.625 609.375 2109
1359.375 609.375 2109
1453.125 609.375 2109
1546.875 609.375 2109
1640.625 609.375 2109
1734.375 609.375 2109
1828.125 609.375 2109
1921.875 609.375 2109
2015.625 609.375 2109
2109.375 609.375 2109
2203.125 609.375 2109
2296.875 609.375 2109
2390.625 609.375 2109
2484.375 609.375 2109
2578.125 609.375 2109
2671.875 609.375 2109
2765.625 609.375 2109
2859.375 609.375 2109
2953.125 609.375 2109
-2953.125 703.125 2203
-2859.375 703.125 2203
-2765.625 703.125 2203
-2671.875 703.125 2203
-2578.125 703.125 2203
-2484.375 703.125 2203
-2390.625 703.125 2203
-2296.875 703.125 2203
-2203.125 703.125 2203
-2109.375 703.125 2203
-2015.625 703.125 2203
-1921.875 703.125 2203
-1828.125 703.125 2203
-1734.375 703.125 2203
-1640.625 703.125 2203
-1546.875 703.125 2203
-1453.125 703.125 2203
-1359.375 703.125 2203
-1265.625 703.125 2203
-1171.875 703.125 2203
-1078.125 703.125 2203
-984.375 703.125 2203
-890.625 703.125 2203
-796.875 703.125 2203
-703.125 703.125 2203
-609.375 703.125 2203
-515.625 703.125 2203
-421.875 703.125 2203
-328.125 703.125 2203
-234.375 703.125 2203
-140.625 703.125 2203
-46.875 703.125 2203
46.875 703.125 2203
140.625 703.125 2203
234.375 703.125 2203
328.125 703.125 2203
421.875 703.125 2203
515.625 703.125 2203
609.375 703.125 2203
703.125 703.125 2203
796.875 703.125 2203
890.625 703.125 2203
984.375 703.125 2203
1078.125 703.125 2203
1171.875 703.125 2203
1265.625 703.125 2203
1359.375 703.125 2203
1453.125 703.125 2203
1546.875 703.125 2203
1640.625 703.125 2203
1734.375 703.125 2203
1828.125 703.125 2203
1921.875 703.125 2203
2015.625 703.125 2203
2109.375 703.125 2203
2203.125 703.125 2203
2296.875 703.125 2203
2390.625 703.125 2203
2484.375 703.125 2203
2578.125 703.125 2203
2671.875 703.125 2203
2765.625 703.125 2203
2859.375 703.125 2203
2953.125 703.125 2203
-2953.125 796.875 2297
-2859.375 796.875 2297
-2765.625 796.875 2297
-2671.875 796.875 2297
-2578.125 796.875 2297
-2484.375 796.875 2297
-2390.625 796.875 2297
-2296.875 796.875 2297
-2203.125 796.875 2297
-2109.375 796.875 2297
-2015.625 796.875 2297
-1921.875 796.875 2297
-1828.125 796.875 2297
-1734.375 796.875 2297
-1640.625 796.875 2297
-1546.875 796.875 2297
-1453.125 796.875 2297
-1359.375 796.875 2297
-1265.625 796.875 2297
-1171.875 796.875 2297
-1078.125 796.875 2297
-984.375 796.875 2297
-890.625 796.875 2297
-796.875 796.875 2297
-703.125 796.875 2297
-609.375 796.875 2297
-515.625 796.875 2297
-421.875 796.875 2297
-328.125 796.875 2297
-234.375 796.875 2297
-140.625 796.875 2297
-46.875 796.875 2297
46.875 796.875 2297
140.625 796.875 2297
234.375 796.875 2297
328.125 796.875 2297
421.875 796.875 2297
515.625 796.875 2297
609.375 796.875 2297
703.125 796.875 2297
796.875 796.875 2297
890.625 796.875 2297
984.375 796.875 2297
1078.125 796.875 2297
1171.875 796.875 2297
1265.625 796.875 2297
1359.375 796.875 2297
1453.125 796.875 2297
1546.875 796.875 2297
1640.625 796.875 2297
1734.375 796.875 2297
1828.125 796.875 2297
1921.875 796.875 2297
2015.625 796.875 2297
2109.375 796.875 2297
2203.125 796.875 2297
2296.875 796.875 2297
2390.625 796.875 2297
2484.375 796.875 2297
2578.125 796.875 2297
2671.875 796.875 2297
2765.625 796.875 2297
2859.375 796.875 2297
2953.125 796.875 2297
-2953.125 890.625 2391
-2859.375 890.625 2391
-2765.625 890.625 2391
-2671.875 890.625 2391
-2578.125 890.625 2391
-2484.375 890.625 2391
-2390.625 890.625 2391
-2296.875 890.625 2391
-2203.125 890.625 2391
-2109.375 890.625 2391
-2015.625 890.625 2391
-1921.875 890.625 2391
-1828.125 890.625 2391
-1734.375 890.625 2391
-1640.625 890.625 2391
-1546.875 890.625 2391
-1453.125 890.625 2391
-1359.375 890.625 2391
-1265.625 890.625 2391
-1171.875 890.625 2391
-1078.125 890.625 2391
-984.375 890.625 2391
-890.625 890.625 2391
-796.875 890.625 2391
-703.125 890.625 2391
-609.375 890.625 2391
-515.625 890.625 2391
-421.875 890.625 2391
-328.125 890.625 2391
-234.375 890.625 2391
-140.625 890.625 2391
-46.875 890.625 2391
46.875 890.625 2391
140.625 890.625 2391
234.375 890.625 2391
328.125 890.625 2391
421.875 890.625 2391
515.625 890.625 2391
609.375 890.625 2391
703.125 890.625 2391
796.875 890.625 2391
890.625 890.625 2391
984.375 890.625 2391
1078.125 890.625 2391
1171.875 890.625 2391
1265.625 890.625 2391
1359.375 890.625 2391
1453.125 890.625 2391
1546.875 890.625 2391
1640.625 890.625 2391
1734.375 890.625 2391
1828.125 890.625 2391
1921.875 890.625 2391
2015.625 890.625 2391
2109.375 890.625 2391
2203.125 890.625 2391
2296.875 890.625 2391
2390.625 890.625 2391
2484.375 890.625 2391
2578.125 890.625 2391
2671.875 890.625 2391
2765.625 890.625 2391
2859.375 890.625 2391
2953.125 890.625 2391
-2953.125 984.375 2484
-2859.375 984.375 2484
-2765.625 984.375 2484
-2671.875 984.375 2484
-2578.125 984.375 2484
-2484.375 984.375 2484
-2390.625 984.375 2484
-2296.875 984.375 2484
-2203.125 984.375 2484
-2109.375 984.375 2484
-2015.625 984.375 2484
-1921.875 984.375 2484
-1828.125 984.375 2484
-1734.375 984.375 2484
-1640.625 984.375 2484
-1546.875 984.375 2484
-1453.125 984.375 2484
-1359.375 984.375 2484
-1265.625 984.375 2484
-1171.875 984.375 2484
-1078.125 984.375 2484
-984.375 984.375 2484
-890.625 984.375 2484
-796.875 984.375 2484
-703.125 984.375 2484
-609.375 984.375 2484
-515.625 984.375 2484
-421.875 984.375 2484
-328.125 984.375 2484
-234.375 984.375 2484
-140.625 984.375 2484
-46.875 984.375 2484
46.875 984.375 2484
140.625 984.375 2484
234.375 984.375 2484
328.125 984.375 2484
421.875 984.375 2484
515.625 984.375 2484
609.375 984.375 2484
703.125 984.375 2484
796.875 984.375 2484
890.625 984.375 2484
984.375 984.375 2484
1078.125 984.375 2484
1171.875 984.375 2484
1265.625 984.375 2484
1359.375 984.375 2484
1453.125 984.375 2484
1546.875 984.375 2484
1640.625 984.375 2484
1734.375 984.375 2484
1828.125 984.375 2484
1921.875 984.375 2484
2015.625 984.375 2484
2109.375 984.375 2484
2203.125 984.375 2484
2296.875 984.375 2484
2390.625 984.375 2484
2484.375 984.375 2484
2578.125 984.375 2484
2671.875 984.375 2484
2765.625 984.375 2484
2859.375 984.375 2484
2953.125 984.375 2484
-2953.125 1078.125 2578
-2859.375 1078.125 2578
-2765.625 1078.125 2578
-2671.875 1078.125 2578
-2578.125 1078.125 2578
-2484.375 1078.125 2578
-2390.625 1078.125 2578
-2296.875 1078.125 2578
-2203.125 1078.125 2578
-2109.375 1078.125 2578
-2015.625 1078.125 2578
-1921.875 1078.125 2578
-1828.125 1078.125 2578
-1734.375 1078.125 2578
-1640.625 1078.125 2578
-1546.875 1078.125 2578
-1453.125 1078.125 2578
-1359.375 1078.125 2578
-1265.625 1078.125 2578
-1171.875 1078.125 2578
-1078.125 1078.125 2578
-984.375 1078.125 2578
-890.625 1078.125 2578
-796.875 1078.125 2578
-703.125 1078.125 2578
-609.375 1078.125 2578
-515.625 1078.125 2578
-421.875 1078.125 2578
-328.125 1078.125 2578
-234.375 1078.125 2578
-140.625 1078.125 2578
-46.875 1078.125 2578
46.875 1078.125 2578
140.625 1078.125 2578
234.375 1078.125 2578
328.125 1078.125 2578
421.875 1078.125 2578
515.625 1078.125 2578
609.375 1078.125 2578
703.125 1078.125 2578
796.875 1078.125 2578
890.625 1078.125 2578
984.375 1078.125 2578
1078.125 1078.125 2578
1171.875 1078.125 2578
1265.625 1078.125 2578
1359.375 1078.125 2578
1453.125 1078.125 2578
1546.875 1078.125 2578
1640.625 1078.125 2578
1734.375 1078.125 2578
1828.125 1078.125 2578
1921.875 1078.125 2578
2015.625 1078.125 2578
2109.375 1078.125 2578
2203.125 1078.125 2578
2296.875 1078.125 2578
2390.625 1078.125 2578
2484.375 1078.125 2578
2578.125 1078.125 2578
2671.875 1078.125 2578
2765.625 1078.125 2578
2859.375 1078.125 2578
2953.125 1078.125 2578
-2953.125 1171.875 2672
-2859.375 1171.875 2672
-2765.625 1171.875 2672
-2671.875 1171.875 2672
-2578.125 1171.875 2672
-2484.375 1171.875 2672
-2390.625 1171.875 2672
-2296.875 1171.875 2672
-2203.125 1171.875 2672
-2109.375 1171.875 2672
-2015.625 1171.875 2672
-1921.875 1171.875 2672
-1828.125 1171.875 2672
-1734.375 1171.875 2672
-1640.625 1171.875 2672
-1546.875 1171.875 2672
-1453.125 1171.875 2672
-1359.375 1171.875 2672
-1265.625 1171.875 2672
-1171.875 1171.875 2672
-1078.125 1171.875 2672
-984.375 1171.875 2672
-890.625 1171.875 2672
-796.875 1171.875 2672
-703.125 1171.875 2672
-609.375 1171.875 2672
-515.625 1171.875 2672
-421.875 1171.875 2672
-328.125 1171.875 2672
-234.375 1171.875 2672
-140.625 1171.875 2672
-46.875 1171.875 2672
46.875 1171.875 2672
140.625 1171.875 2672
234.375 1171.875 2672
328.125 1171.875 2672
421.875 1171.875 2672
515.625 1171.875 2672
609.375 1171.875 2672
703.125 1171.875 2672
796.875 1171.875 2672
890.625 1171.875 2672
984.375 1171.875 2672
1078.125 1171.875 2672
1171.875 1171.875 2672
1265.625 1171.875 2672
1359.375 1171.875 2672
1453.125 1171.875 2672
1546.875 1171.875 2672
1640.625 1171.875 2672
1734.375 1171.875 2672
1828.125 1171.875 2672
1921.875 1171.875 2672
2015.625 1171.875 2672
2109.375 1171.875 2672
2203.125 1171.875 2672
2296.875 1171.875 2672
2390.625 1171.875 2672
2484.375 1171.875 2672
2578.125 1171.875 2672
2671.875 1171.875 2672
2765.625 1171.875 2672
2859.375 1171.875 2672
2953.125 1171.875 2672
-2953.125 1265.625 2766
-2859.375 1265.625 2766
-2765.625 1265.625 2766
-2671.875 1265.625 2766
-2578.125 1265.625 2766
-2484.375 1265.625 2766
-2390.625 1265.625 2766
-2296.875 1265.625 2766
-2203.125 1265.625 2766
-2109.375 1265.625 2766
-2015.625 1265.625 2766
-1921.875 1265.625 2766
-1828.125 1265.625 2766
-1734.375 1265.625 2766
-1640.625 1265.625 2766
-1546.875 1265.625 2766
-1453.125 1265.625 2766
-1359.375 1265.625 2766
-1265.625 1265.625 2766
-1171.875 1265.625 2766
-1078.125 1265.625 2766
-984.375 1265.625 2766
-890.625 1265.625 2766
-796.875 1265.625 2766
-703.125 1265.625 2766
-609.375 1265.625 2766
-515.625 1265.625 2766
-421.875 1265.625 2766
-328.125 1265.625 2766
-234.375 1265.625 2766
-140.625 1265.625 2766
-46.875 1265.625 2766
46.875 1265.625 2766
140.625 1265.625 2766
234.375 1265.625 2766
328.125 1265.625 2766
421.875 1265.625 2766
515.625 1265.625 2766
609.375 1265.625 2766
703.125 1265.625 2766
796.875 1265.625 2766
890.625 1265.625 2766
984.375 1265.625 2766
1078.125 1265.625 2766
1171.875 1265.625 2766
1265.625 1265.625 2766
1359.375 1265.625 2766
1453.125 1265.625 2766
1546.875 1265.625 2766
1640.625 1265.625 2766
1734.375 1265.625 2766
1828.125 1265.625 2766
1921.875 1265.625 2766
2015.625 1265.625 2766
2109.375 1265.625 2766
2203.125 1265.625 2766
2296.875 1265.625 2766
2390.625 1265.625 2766
2484.375 1265.625 2766
2578.125 1265.625 2766
2671.875 1265.625 2766
2765.625 1265.625 2766
2859.375 1265.625 2766
2953.125 1265.625 2766
-2953.125 1359.375 2859
-2859.375 1359.375 2859
-2765.625 1359.375 2859
-2671.875 1359.375 2859
-2578.125 1359.375 2859
-2484.375 1359.375 2859
-2390.625 1359.375 2859
-2296.875 1359.375 2859
-2203.125 1359.375 2859
-2109.375 1359.375 2859
-2015.625 1359.375 2859
-1921.875 1359.375 2859
-1828.125 1359.375 2859
-1734.375 1359.375 2859
-1640.625 1359.375 2859
-1546.875 1359.375 2859
-1453.125 1359.375 2859
-1359.375 1359.375 2859
-1265.625 1359.375 2859
-1171.875 1359.375 2859
-1078.125 1359.375 2859
-984.375 1359.375 2859
-890.625 1359.375 2859
-796.875 1359.375 2859
-703.125 1359.375 2859
-609.375 1359.375 2859
-515.625 1359.375 2859
-421.875 1359.375 2859
-328.125 1359.375 2859
-234.375 1359.375 2859
-140.625 1359.375 2859
-46.875 1359.375 2859
46.875 1359.375 2859
140.625 1359.375 2859
234.375 1359.375 2859
328.125 1359.375 2859
421.875 1359.375 2859
515.625 1359.375 2859
609.375 1359.375 2859
703.125 1359.375 2859
796.875 1359.375 2859
890.625 1359.375 2859
984.375 1359.375 2859
1078.125 1359.375 2859
1171.875 1359.375 2859
1265.625 1359.375 2859
1359.375 1359.375 2859
1453.125 1359.375 2859
1546.875 1359.375 2859
1640.625 1359.375 2859
1734.375 1359.375 2859
1828.125 1359.375 2859
1921.875 1359.375 2859
2015.625 1359.375 2859
2109.375 1359.375 2859
2203.125 1359.375 2859
2296.875 1359.375 2859
2390.625 1359.375 2859
2484.375 1359.375 2859
2578.125 1359.375 2859
2671.875 1359.375 2859
2765.625 1359.375 2859
2859.375 1359.375 2859
2953.125 1359.375 2859
-2953.125 1453.125 2953
-2859.375 1453.125 2953
-2765.625 1453.125 2953
-2671.875 1453.125 2953
-2578.125 1453.125 2953
-2484.375 1453.125 2953
-2390.625 1453.125 2953
-2296.875 1453.125 2953
-2203.125 1453.125 2953
-2109.375 1453.125 2953
-2015.625 1453.125 2953
-1921.875 1453.125 2953
-1828.125 1453.125 2953
-1734.375 1453.125 2953
-1640.625 1453.125 2953
-1546.875 1453.125 2953
-1453.125 1453.125 2953
-1359.375 1453.125 2953
-1265.625 1453.125 2953
-1171.875 1453.125 2953
-1078.125 1453.125 2953
-984.375 1453.125 2953
-890.625 1453.125 2953
-796.875 1453.125 2953
-703.125 1453.125 2953
-609.375 1453.125 2953
-515.625 1453.125 2953
-421.875 1453.125 2953
-328.125 1453.125 2953
-234.375 1453.125 2953
-140.625 1453.125 2953
-46.875 1453.125 2953
46.875 1453.125 2953
140.625 1453.125 2953
234.375 1453.125 2953
328.125 1453.125 2953
421.875 1453.125 2953
515.625 1453.125 2953
609.375 1453.125 2953
703.125 1453.125 2953
796.875 1453.125 2953
890.625 1453.125 2953
984.375 1453.125 2953
1078.125 1453.125 2953
1171.875 1453.125 2953
1265.625 1453.125 2953
1359.375 1453.125 2953
1453.125 1453.125 2953
1546.875 1453.125 2953
1640.625 1453.125 2953
1734.375 1453.125 2953
1828.125 1453.125 2953
1921.875 1453.125 2953
2015.625 1453.125 2953
2109.375 1453.125 2953
2203.125 1453.125 2953
2296.875 1453.125 2953
2390.625 1453.125 2953
2484.375 1453.125 2953
2578.125 1453.125 2953
2671.875 1453.125 2953
2765.625 1453.125 2953
2859.375 1453.125 2953
2953.125 1453.125 2953
-2953.125 1546.875 3047
-2859.375 1546.875 3047
-2765.625 1546.875 3047
-2671.875 1546.875 3047
-2578.125 1546.875 3047
-2484.375 1546.875 3047
-2390.625 1546.875 3047
-2296.875 1546.875 3047
-2203.125 1546.875 3047
-2109.375 1546.875 3047
-2015.625 1546.875 3047
-1921.875 1546.875 3047
-1828.125 1546.875 3047
-1734.375 1546.875 3047
-1640.625 1546.875 3047
-1546.875 1546.875 3047
-1453.125 1546.875 3047
-1359.375 1546.875 3047
-1265.625 1546.875 3047
-1171.875 1546.875 3047
-1078.125 1546.875 3047
-984.375 1546.875 3047
-890.625 1546.875 3047
-796.875 1546.875 3047
-703.125 1546.875 3047
-609.375 1546.875 3047
-515.625 1546.875 3047
-421.875 1546.875 3047
-328.125 1546.875 3047
-234.375 1546.875 3047
-140.625 1546.875 3047
-46.875 1546.875 3047
46.875 1546.875 3047
140.625 1546.875 3047
234.375 1546.875 3047
328.125 1546.875 3047
421.875 1546.875 3047
515.625 1546.875 3047
609.375 1546.875 3047
703.125 1546.875 3047
796.875 1546.875 3047
890.625 1546.875 3047
984.375 1546.875 3047
1078.125 1546.875 3047
1171.875 1546.875 3047
1265.625 1546.875 3047
1359.375 1546.875 3047
1453.125 1546.875 3047
1546.875 1546.875 3047
1640.625 1546.875 3047
1734.375 1546.875 3047
1828.125 1546.875 3047
1921.875 1546.875 3047
2015.625 1546.875 3047
2109.375 1546.875 3047
2203.125 1546.875 3047
2296.875 1546.875 3047
2390.625 1546.875 3047
2484.375 1546.875 3047
2578.125 1546.875 3047
2671.875 1546.875 3047
2765.625 1546.875 3047
2859.375 1546.875 3047
2953.125 1546.875 3047
-2953.125 1640.625 3141
-2859.375 1640.625 3141
-2765.625 1640.625 3141
-2671.875 1640.625 3141
-2578.125 1640.625 3141
-2484.375 1640.625 3141
-2390.625 1640.625 3141
-2296.875 1640.625 3141
-2203.125 1640.625 3141
-2109.375 1640.625 3141
-2015.625 1640.625 3141
-1921.875 1640.625 3141
-1828.125 1640.625 3141
-1734.375 1640.625 3141
-1640.625 1640.625 3141
-1546.875 1640.625 3141
-1453.125 1640.625 3141
-1359.375 1640.625 3141
-1265.625 1640.625 3141
-1171.875 1640.625 3141
-1078.125 1640.625 3141
-984.375 1640.625 3141
-890.625 1640.625 3141
-796.875 1640.625 3141
-703.125 1640.625 3141
-609.375 1640.625 3141
-515.625 1640.625 3141
-421.875 1640.625 3141
-328.125 1640.625 3141
-234.375 1640.625 3141
-140.625 1640.625 3141
-46.875 1640.625 3141
46.875 1640.625 3141
140.625 1640.625 3141
234.375 1640.625 3141
328.125 1640.625 3141
421.875 1640.625 3141
515.625 1640.625 3141
609.375 1640.625 3141
703.125 1640.625 3141
796.875 1640.625 3141
890.625 1640.625 3141
984.375 1640.625 3141
1078.125 1640.625 3141
1171.875 1640.625 3141
1265.625 1640.625 3141
1359.375 1640.625 3141
1453.125 1640.625 3141
1546.875 1640.625 3141
1640.625 1640.625 3141
1734.375 1640.625 3141
1828.125 1640.625 3141
1921.875 1640.625 3141
2015.625 1640.625 3141
2109.375 1640.625 3141
2203.125 1640.625 3141
2296.875 1640.625 3141
2390.625 1640.625 3141
2484.375 1640.625 3141
2578.125 1640.625 3141
2671.875 1640.625 3141
2765.625 1640.625 3141
2859.375 1640.625 3141
2953.125 1640.625 3141
-2953.125 1734.375 3234
-2859.375 1734.375 3234
-2765.625 1734.375 3234
-2671.875 1734.375 3234
-2578.125 1734.375 3234
-2484.375 1734.375 3234
-2390.625 1734.375 3234
-2296.875 1734.375 3234
-2203.125 1734.375 3234
-2109.375 1734.375 3234
-2015.625 1734.375 3234
-1921.875 1734.375 3234
-1828.125 1734.375 3234
-1734.375 1734.375 3234
-1640.625 1734.375 3234
-1546.875 1734.375 3234
-1453.125 1734.375 3234
-1359.375 1734.375 3234
-1265.625 1734.375 3234
-1171.875 1734.375 3234
-1078.125 1734.375 3234
-984.375 1734.375 3234
-890.625 1734.375 3234
-796.875 1734.375 3234
-703.125 1734.375 3234
-609.375 1734.375 3234
-515.625 1734.375 3234
-421.875 1734.375 3234
-328.125 1734.375 3234
-234.375 1734.375 3234
-140.625 1734.375 3234
-46.875 1734.375 3234
46.875 1734.375 3234
140.625 1734.375 3234
234.375 1734.375 3234
328.125 1734.375 3234
421.875 1734.375 3234
515.625 1734.375 3234
609.375 1734.375 3234
703.125 1734.375 3234
796.875 1734.375 3234
890.625 1734.375 3234
984.375 1734.375 3234
1078.125 1734.375 3234
1171.875 1734.375 3234
1265.625 1734.375 3234
1359.375 1734.375 3234
1453.125 1734.375 3234
1546.875 1734.375 3234
1640.625 1734.375 3234
1734.375 1734.375 3234
1828.125 1734.375 3234
1921.875 1734.375 3234
2015.625 1734.375 3234
2109.375 1734.375 3234
2203.125 1734.375 3234
2296.875 1734.375 3234
2390.625 1734.375 3234
2484.375 1734.375 3234
2578.125 1734.375 3234
2671.875 1734.375 3234
2765.625 1734.375 3234
2859.375 1734.375 3234
2953.125 1734.375 3234
-2953.125 1828.125 3328
-2859.375 1828.125 3328
-2765.625 1828.125 3328
-2671.875 1828.125 3328
-2578.125 1828.125 3328
-2484.375 1828.125 3328
-2390.625 1828.125 3328
-2296.875 1828.125 3328
-2203.125 1828.125 3328
-2109.375 1828.125 3328
-2015.625 1828.125 3328
-1921.875 1828.125 3328
-1828.125 1828.125 3328
-1734.375 1828.125 3328
-1640.625 1828.125 3328
-1546.875 1828.125 3328
-1453.125 1828.125 3328
-1359.375 1828.125 3328
-1265.625 1828.125 3328
-1171.875 1828.125 3328
-1078.125 1828.125 3328
-984.375 1828.125 3328
-890.625 1828.125 3328
-796.875 1828.125 3328
-703.125 1828.125 3328
-609.375 1828.125 3328
-515.625 1828.125 3328
-421.875 1828.125 3328
-328.125 1828.125 3328
-234.375 1828.125 3328
-140.625 1828.125 3328
-46.875 1828.125 3328
46.875 1828.125 3328
140.625 1828.125 3328
234.375 1828.125 3328
328.125 1828.125 3328
421.875 1828.125 3328
515.625 1828.125 3328
609.375 1828.125 3328
703.125 1828.125 3328
796.875 1828.125 3328
890.625 1828.125 3328
984.375 1828.125 3328
1078.125 1828.125 3328
1171.875 1828.125 3328
1265.625 1828.125 3328
1359.375 1828.125 3328
1453.125 1828.125 3328
1546.875 1828.125 3328
1640.625 1828.125 3328
1734.375 1828.125 3328
1828.125 1828.125 3328
1921.875 1828.125 3328
2015.625 1828.125 3328
2109.375 1828.125 3328
2203.125 1828.125 3328
2296.875 1828.125 3328
2390.625 1828.125 3328
2484.375 1828.125 3328
2578.125 1828.125 3328
2671.875 1828.125 3328
2765.625 1828.125 3328
2859.375 1828.125 3328
2953.125 1828.125 3328
-2953.125 1921.875 3422
-2859.375 1921.875 3422
-2765.625 1921.875 3422
-2671.875 1921.875 3422
-2578.125 1921.875 3422
-2484.375 1921.875 3422
-2390.625 1921.875 3422
-2296.875 1921.875 3422
-2203.125 1921.875 3422
-2109.375 1921.875 3422
-2015.625 1921.875 3422
-1921.875 1921.875 3422
-1828.125 1921.875 3422
-1734.375 1921.875 3422
-1640.625 1921.875 3422
-1546.875 1921.875 3422
-1453.125 1921.875 3422
-1359.375 1921.875 3422
-1265.625 1921.875 3422
-1171.875 1921.875 3422
-1078.125 1921.875 3422
-984.375 1921.875 3422
-890.625 1921.875 3422
-796.875 1921.875 3422
-703.125 1921.875 3422
-609.375 1921.875 3422
-515.625 1921.875 3422
-421.875 1921.875 3422
-328.125 1921.875 3422
-234.375 1921.875 3422
-140.625 1921.875 3422
-46.875 1921.875 3422
46.875 1921.875 3422
140.625 1921.875 3422
234.375 1921.875 3422
328.125 1921.875 3422
421.875 1921.875 3422
515.625 1921.875 3422
609.375 1921.875 3422
703.125 1921.875 3422
796.875 1921.875 3422
890.625 1921.875 3422
984.375 1921.875 3422
1078.125 1921.875 3422
1171.875 1921.875 3422
1265.625 1921.875 3422
1359.375 1921.875 3422
1453.125 1921.875 3422
1546.875 1921.875 3422
1640.625 1921.875 3422
1734.375 1921.875 3422
1828.125 1921.875 3422
1921.875 1921.875 3422
2015.625 1921.875 3422
2109.375 1921.875 3422
2203.125 1921.875 3422
2296.875 1921.875 3422
2390.625 1921.875 3422
2484.375 1921.875 3422
2578.125 1921.875 3422
2671.875 1921.875 3422
2765.625 1921.875 3422
2859.375 1921.875 3422
2953.125 1921.875 3422
-2953.125 2015.625 3516
-2859.375 2015.625 3516
-2765.625 2015.625 3516
-2671.875 2015.625 3516
-2578.125 2015.625 3516
-2484.375 2015.625 3516
-2390.625 2015.625 3516
-2296.875 2015.625 3516
-2203.125 2015.625 3516
-2109.375 2015.625 3516
-2015.625 2015.625 3516
-1921.875 2015.625 3516
-1828.125 2015.625 3516
-1734.375 2015.625 3516
-1640.625 2015.625 3516
-1546.875 2015.625 3516
-1453.125 2015.625 3516
-1359.375 2015.625 3516
-1265.625 2015.625 3516
-1171.875 2015.625 3516
-1078.125 2015.625 3516
-984.375 2015.625 3516
-890.625 2015.625 3516
-796.875 2015.625 3516
-703.125 2015.625 3516
-609.375 2015.625 3516
-515.625 2015.625 3516
-421.875 2015.625 3516
-328.125 2015.625 3516
-234.375 2015.625 3516
-140.625 2015.625 3516
-46.875 2015.625 3516
46.875 2015.625 3516
140.625 2015.625 3516
234.375 2015.625 3516
328.125 2015.625 3516
421.875 2015.625 3516
515.625 2015.625 3516
609.375 2015.625 3516
703.125 2015.625 3516
796.875 2015.625 3516
890.625 2015.625 3516
984.375 2015.625 3516
1078.125 2015.625 3516
1171.875 2015.625 3516
1265.625 2015.625 3516
1359.375 2015.625 3516
1453.125 2015.625 3516
1546.875 2015.625 3516
1640.625 2015.625 3516
1734.375 2015.625 3516
1828.125 2015.625 3516
1921.875 2015.625 3516
2015.625 2015.625 3516
2109.375 2015.625 3516
2203.125 2015.625 3516
2296.875 2015.625 3516
2390.625 2015.625 3516
2484.375 2015.625 3516
2578.125 2015.625 3516
2671.875 2015.625 3516
2765.625 2015.625 3516
2859.375 2015.625 3516
2953.125 2015.625 3516
-2953.125 2109.375 3609
-2859.375 2109.375 3609
-2765.625 2109.375 3609
-2671.875 2109.375 3609
-2578.125 2109.375 3609
-2484.375 2109.375 3609
-2390.625 2109.375 3609
-2296.875 2109.375 3609
-2203.125 2109.375 3609
-2109.375 2109.375 3609
-2015.625 2109.375 3609
-1921.875 2109.375 3609
-1828.125 2109.375 3609
-1734.375 2109.375 3609
-1640.625 2109.375 3609
-1546.875 2109.375 3609
-1453.125 2109.375 3609
-1359.375 2109.375 3609
-1265.625 2109.375 3609
-1171.875 2109.375 3609
-1078.125 2109.375 3609
-984.375 2109.375 3609
-890.625 2109.375 3609
-796.875 2109.375 3609
-703.125 2109.375 3609
-609.375 2109.375 3609
-515.625 2109.375 3609
-421.875 2109.375 3609
-328.125 2109.375 3609
-234.375 2109.375 3609
-140.625 2109.375 3609
-46.875 2109.375 3609
46.875 2109.375 3609
140.625 2109.375 3609
234.375 2109.375 3609
328.125 2109.375 3609
421.875 2109.375 3609
515.625 2109.375 3609
609.375 2109.375 3609
703.125 2109.375 3609
796.875 2109.375 3609
890.625 2109.375 3609
984.375 2109.375 3609
1078.125 2109.375 3609
1171.875 2109.375 3609
1265.625 2109.375 3609
1359.375 2109.375 3609
1453.125 2109.375 3609
1546.875 2109.375 3609
1640.625 2109.375 3609
1734.375 2109.375 3609
1828.125 2109.375 3609
1921.875 2109.375 3609
2015.625 2109.375 3609
2109.375 2109.375 3609
2203.125 2109.375 3609
2296.875 2109.375 3609
2390.625 2109.375 3609
2484.375 2109.375 3609
2578.125 2109.375 3609
2671.875 2109.375 3609
2765.625 2109.375 3609
2859.375 2109.375 3609
2953.125 2109.375 3609
-2953.125 2203.125 3703
-2859.375 2203.125 3703
-2765.625 2203.125 3703
-2671.875 2203.125 3703
-2578.125 2203.125 3703
-2484.375 2203.125 3703
-2390.625 2203.125 3703
-2296.875 2203.125 3703
-2203.125 2203.125 3703
-2109.375 2203.125 3703
-2015.625 2203.125 3703
-1921.875 2203.125 3703
-1828.125 2203.125 3703
-1734.375 2203.125 3703
-1640.625 2203.125 3703
-1546.875 2203.125 3703
-1453.125 2203.125 3703
-1359.375 2203.125 3703
-1265.625 2203.125 3703
-1171.875 2203.125 3703
-1078.125 2203.125 3703
-984.375 2203.125 3703
-890.625 2203.125 3703
-796.875 2203.125 3703
-703.125 2203.125 3703
-609.375 2203.125 3703
-515.625 2203.125 3703
-421.875 2203.125 3703
-328.125 2203.125 3703
-234.375 2203.125 3703
-140.625 2203.125 3703
-46.875 2203.125 3703
46.875 2203.125 3703
140.625 2203.125 3703
234.375 2203.125 3703
328.125 2203.125 3703
421.875 2203.125 3703
515.625 2203.125 3703
609.375 2203.125 3703
703.125 2203.125 3703
796.875 2203.125 3703
890.625 2203.125 3703
984.375 2203.125 3703
1078.125 2203.125 3703
1171.875 2203.125 3703
1265.625 2203.125 3703
1359.375 2203.125 3703
1453.125 2203.125 3703
1546.875 2203.125 3703
1640.625 2203.125 3703
1734.375 2203.125 3703
1828.125 2203.125 3703
1921.875 2203.125 3703
2015.625 2203.125 3703
2109.375 2203.125 3703
2203.125 2203.125 3703
2296.875 2203.125 3703
2390.625 2203.125 3703
2484.375 2203.125 3703
2578.125 2203.125 3703
2671.875 2203.125 3703
2765.625 2203.125 3703
2859.375 2203.125 3703
2953.125 2203.125 3703
-2953.125 2296.875 3797
-2859.375 2296.875 3797
-2765.625 2296.875 3797
-2671.875 2296.875 3797
-2578.125 2296.875 3797
-2484.375 2296.875 3797
-2390.625 2296.875 3797
-2296.875 2296.875 3797
-2203.125 2296.875 3797
-2109.375 2296.875 3797
-2015.625 2296.875 3797
-1921.875 2296.875 3797
-1828.125 2296.875 3797
-1734.375 2296.875 3797
-1640.625 2296.875 3797
-1546.875 2296.875 3797
-1453.125 2296.875 3797
-1359.375 2296.875 3797
-1265.625 2296.875 3797
-1171.875 2296.875 3797
-1078.125 2296.875 3797
-984.375 2296.875 3797
-890.625 2296.875 3797
-796.875 2296.875 3797
-703.125 2296.875 3797
-609.375 2296.875 3797
-515.625 2296.875 3797
-421.875 2296.875 3797
-328.125 2296.875 3797
-234.375 2296.875 3797
-140.625 2296.875 3797
-46.875 2296.875 3797
46.875 2296.875 3797
140.625 2296.875 3797
234.375 2296.875 3797
328.125 2296.875 3797
421.875 2296.875 3797
515.625 2296.875 3797
609.375 2296.875 3797
703.125 2296.875 3797
796.875 2296.875 3797
890.625 2296.875 3797
984.375 2296.875 3797
1078.125 2296.875 3797
1171.875 2296.875 3797
1265.625 2296.875 3797
1359.375 2296.875 3797
1453.125 2296.875 3797
1546.875 2296.875 3797
1640.625 2296.875 3797
1734.375 2296.875 3797
1828.125 2296.875 3797
1921.875 2296.875 3797
2015.625 2296.875 3797
2109.375 2296.875 3797
2203.125 2296.875 3797
2296.875 2296.875 3797
2390.625 2296.875 3797
2484.375 2296.875 3797
2578.125 2296.875 3797
2671.875 2296.875 3797
2765.625 2296.875 3797
2859.375 2296.875 3797
2953.125 2296.875 3797
-2953.125 2390.625 3891
-2859.375 2390.625 3891
-2765.625 2390.625 3891
-2671.875 2390.625 3891
-2578.125 2390.625 3891
-2484.375 2390.625 3891
-2390.625 2390.625 3891
-2296.875 2390.625 3891
-2203.125 2390.625 3891
-2109.375 2390.625 3891
-2015.625 2390.625 3891
-1921.875 2390.625 3891
-1828.125 2390.625 3891
-1734.375 2390.625 3891
-1640.625 2390.625 3891
-1546.875 2390.625 3891
-1453.125 2390.625 3891
-1359.375 2390.625 3891
-1265.625 2390.625 3891
-1171.875 2390.625 3891
-1078.125 2390.625 3891
-984.375 2390.625 3891
-890.625 2390.625 3891
-796.875 2390.625 3891
-703.125 2390.625 3891
-609.375 2390.625 3891
-515.625 2390.625 3891
-421.875 2390.625 3891
-328.125 2390.625 3891
-234.375 2390.625 3891
-140.625 2390.625 3891
-46.875 2390.625 3891
46.875 2390.625 3891
140.625 2390.625 3891
234.375 2390.625 3891
328.125 2390.625 3891
421.875 2390.625 3891
515.625 2390.625 3891
609.375 2390.625 3891
703.125 2390.625 3891
796.875 2390.625 3891
890.625 2390.625 3891
984.375 2390.625 3891
1078.125 2390.625 3891
1171.875 2390.625 3891
1265.625 2390.625 3891
1359.375 2390.625 3891
1453.125 2390.625 3891
1546.875 2390.625 3891
1640.625 2390.625 3891
1734.375 2390.625 3891
1828.125 2390.625 3891
1921.875 2390.625 3891
2015.625 2390.625 3891
2109.375 2390.625 3891
2203.125 2390.625 3891
2296.875 2390.625 3891
2390.625 2390.625 3891
2484.375 2390.625 3891
2578.125 2390.625 3891
2671.875 2390.625 3891
2765.625 2390.625 3891
2859.375 2390.625 3891
2953.125 2390.625 3891
-2953.125 2484.375 3984
-2859.375 2484.375 3984
-2765.625 2484.375 3984
-2671.875 2484.375 3984
-2578.125 2484.375 3984
-2484.375 2484.375 3984
-2390.625 2484.375 3984
-2296.875 2484.375 3984
-2203.125 2484.375 3984
-2109.375 2484.375 3984
-2015.625 2484.375 3984
-1921.875 2484.375 3984
-1828.125 2484.375 3984
-1734.375 2484.375 3984
-1640.625 2484.375 3984
-1546.875 2484.375 3984
-1453.125 2484.375 3984
-1359.375 2484.375 3984
-1265.625 2484.375 3984
-1171.875 2484.375 3984
-1078.125 2484.375 3984
-984.375 2484.375 3984
-890.625 2484.375 3984
-796.875 2484.375 3984
-703.125 2484.375 3984
-609.375 2484.375 3984
-515.625 2484.375 3984
-421.875 2484.375 3984
-328.125 2484.375 3984
-234.375 2484.375 3984
-140.625 2484.375 3984
-46.875 2484.375 3984
46.875 2484.375 3984
140.625 2484.375 3984
234.375 2484.375 3984
328.125 2484.375 3984
421.875 2484.375 3984
515.625 2484.375 3984
609.375 2484.375 3984
703.125 2484.375 3984
796.875 2484.375 3984
890.625 2484.375 3984
984.375 2484.375 3984
1078.125 2484.375 3984
1171.875 2484.375 3984
1265.625 2484.375 3984
1359.375 2484.375 3984
1453.125 2484.375 3984
1546.875 2484.375 3984
1640.625 2484.375 3984
1734.375 2484.375 3984
1828.125 2484.375 3984
1921.875 2484.375 3984
2015.625 2484.375 3984
2109.375 2484.375 3984
2203.125 2484.375 3984
2296.875 2484.375 3984
2390.625 2484.375 3984
2484.375 2484.375 3984
2578.125 2484.375 3984
2671.875 2484.375 3984
2765.625 2484.375 3984
2859.375 2484.375 3984
2953.125 2484.375 3984
-2953.125 2578.125 4078
-2859.375 2578.125 4078
-2765.625 2578.125 4078
-2671.875 2578.125 4078
-2578.125 2578.125 4078
-2484.375 2578.125 4078
-2390.625 2578.125 4078
-2296.875 2578.125 4078
-2203.125 2578.125 4078
-2109.375 2578.125 4078
-2015.625 2578.125 4078
-1921.875 2578.125 4078
-1828.125 2578.125 4078
-1734.375 2578.125 4078
-1640.625 2578.125 4078
-1546.875 2578.125 4078
-1453.125 2578.125 4078
-1359.375 2578.125 4078
-1265.625 2578.125 4078
-1171.875 2578.125 4078
-1078.125 2578.125 4078
-984.375 2578.125 4078
-890.625 2578.125 4078
-796.875 2578.125 4078
-703.125 2578.125 4078
-609.375 2578.125 4078
-515.625 2578.125 4078
-421.875 2578.125 4078
-328.125 2578.125 4078
-234.375 2578.125 4078
-140.625 2578.125 4078
-46.875 2578.125 4078
46.875 2578.125 4078
140.625 2578.125 4078
234.375 2578.125 4078
328.125 2578.125 4078
421.875 2578.125 4078
515.625 2578.125 4078
609.375 2578.125 4078
703.125 2578.125 4078
796.875 2578.125 4078
890.625 2578.125 4078
984.375 2578.125 4078
1078.125 2578.125 4078
1171.875 2578.125 4078
1265.625 2578.125 4078
1359.375 2578.125 4078
1453.125 2578.125 4078
1546.875 2578.125 4078
1640.625 2578.125 4078
1734.375 2578.125 4078
1828.125 2578.125 4078
1921.875 2578.125 4078
2015.625 2578.125 4078
2109.375 2578.125 4078
2203.125 2578.125 4078
2296.875 2578.125 4078
2390.625 2578.125 4078
2484.375 2578.125 4078
2578.125 2578.125 4078
2671.875 2578.125 4078
2765.625 2578.125 4078
2859.375 2578.125 4078
2953.125 2578.125 4078
-2953.125 2671.875 4172
-2859.375 2671.875 4172
-2765.625 2671.875 4172
-2671.875 2671.875 4172
-2578.125 2671.875 4172
-2484.375 2671.875 4172
-2390.625 2671.875 4172
-2296.875 2671.875 4172
-2203.125 2671.875 4172
-2109.375 2671.875 4172
-2015.625 2671.875 4172
-1921.875 2671.875 4172
-1828.125 2671.875 4172
-1734.375 2671.875 4172
-1640.625 2671.875 4172
-1546.875 2671.875 4172
-1453.125 2671.875 4172
-1359.375 2671.875 4172
-1265.625 2671.875 4172
-1171.875 2671.875 4172
-1078.125 2671.875 4172
-984.375 2671.875 4172
-890.625 2671.875 4172
-796.875 2671.875 4172
-703.125 2671.875 4172
-609.375 2671.875 4172
-515.625 2671.875 4172
-421.875 2671.875 4172
-328.125 2671.875 4172
-234.375 2671.875 4172
-140.625 2671.875 4172
-46.875 2671.875 4172
46.875 2671.875 4172
140.625 2671.875 4172
234.375 2671.875 4172
328.125 2671.875 4172
421.875 2671.875 4172
515.625 2671.875 4172
609.375 2671.875 4172
703.125 2671.875 4172
796.875 2671.875 4172
890.625 2671.875 4172
984.375 2671.875 4172
1078.125 2671.875 4172
1171.875 2671.875 4172
1265.625 2671.875 4172
1359.375 2671.875 4172
1453.125 2671.875 4172
1546.875 2671.875 4172
1640.625 2671.875 4172
1734.375 2671.875 4172
1828.125 2671.875 4172
1921.875 2671.875 4172
2015.625 2671.875 4172
2109.375 2671.875 4172
2203.125 2671.875 4172
2296.875 2671.875 4172
2390.625 2671.875 4172
2484.375 2671.875 4172
2578.125 2671.875 4172
2671.875 2671.875 4172
2765.625 2671.875 4172
2859.375 2671.875 4172
2953.125 2671.875 4172
-2953.125 2765.625 4266
-2859.375 2765.625 4266
-2765.625 2765.625 4266
-2671.875 2765.625 4266
-2578.125 2765.625 4266
-2484.375 2765.625 4266
-2390.625 2765.625 4266
-2296.875 2765.625 4266
-2203.125 2765.625 4266
-2109.375 2765.625 4266
-2015.625 2765.625 4266
-1921.875 2765.625 4266
-1828.125 2765.625 4266
-1734.375 2765.625 4266
-1640.625 2765.625 4266
-1546.875 2765.625 4266
-1453.125 2765.625 4266
-1359.375 2765.625 4266
-1265.625 2765.625 4266
-1171.875 2765.625 4266
-1078.125 2765.625 4266
-984.375 2765.625 4266
-890.625 2765.625 4266
-796.875 2765.625 4266
-703.125 2765.625 4266
-609.375 2765.625 4266
-515.625 2765.625 4266
-421.875 2765.625 4266
-328.125 2765.625 4266
-234.375 2765.625 4266
-140.625 2765.625 4266
-46.875 2765.625 4266
46.875 2765.625 4266
140.625 2765.625 4266
234.375 2765.625 4266
328.125 2765.625 4266
421.875 2765.625 4266
515.625 2765.625 4266
609.375 2765.625 4266
703.125 2765.625 4266
796.875 2765.625 4266
890.625 2765.625 4266
984.375 2765.625 4266
1078.125 2765.625 4266
1171.875 2765.625 4266
1265.625 2765.625 4266
1359.375 2765.625 4266
1453.125 2765.625 4266
1546.875 2765.625 4266
1640.625 2765.625 4266
1734.375 2765.625 4266
1828.125 2765.625 4266
1921.875 2765.625 4266
2015.625 2765.625 4266
2109.375 2765.625 4266
2203.125 2765.625 4266
2296.875 2765.625 4266
2390.625 2765.625 4266
2484.375 2765.625 4266
2578.125 2765.625 4266
2671.875 2765.625 4266
2765.625 2765.625 4266
2859.375 2765.625 4266
2953.125 2765.625 4266
-2953.125 2859.375 4359
-2859.375 2859.375 4359
-2765.625 2859.375 4359
-2671.875 2859.375 4359
-2578.125 2859.375 4359
-2484.375 2859.375 4359
-2390.625 2859.375 4359
-2296.875 2859.375 4359
-2203.125 2859.375 4359
-2109.375 2859.375 4359
-2015.625 2859.375 4359
-1921.875 2859.375 4359
-1828.125 2859.375 4359
-1734.375 2859.375 4359
-1640.625 2859.375 4359
-1546.875 2859.375 4359
-1453.125 2859.375 4359
-1359.375 2859.375 4359
-1265.625 2859.375 4359
-1171.875 2859.375 4359
-1078.125 2859.375 4359
-984.375 2859.375 4359
-890.625 2859.375 4359
-796.875 2859.375 4359
-703.125 2859.375 4359
-609.375 2859.375 4359
-515.625 2859.375 4359
-421.875 2859.375 4359
-328.125 2859.375 4359
-234.375 2859.375 4359
-140.625 2859.375 4359
-46.875 2859.375 4359
46.875 2859.375 4359
140.625 2859.375 4359
234.375 2859.375 4359
328.125 2859.375 4359
421.875 2859.375 4359
515.625 2859.375 4359
609.375 2859.375 4359
703.125 2859.375 4359
796.875 2859.375 4359
890.625 2859.375 4359
984.375 2859.375 4359
1078.125 2859.375 4359
1171.875 2859.375 4359
1265.625 2859.375 4359
1359.375 2859.375 4359
1453.125 2859.375 4359
1546.875 2859.375 4359
1640.625 2859.375 4359
1734.375 2859.375 4359
1828.125 2859.375 4359
1921.875 2859.375 4359
2015.625 2859.375 4359
2109.375 2859.375 4359
2203.125 2859.375 4359
2296.875 2859.375 4359
2390.625 2859.375 4359
2484.375 2859.375 4359
2578.125 2859.375 4359
2671.875 2859.375 4359
2765.625 2859.375 4359
2859.375 2859.375 4359
2953.125 2859.375 4359
-2953.125 2953.125 4453
-2859.375 2953.125 4453
-2765.625 2953.125 4453
-2671.875 2953.125 4453
-2578.125 2953.125 4453
-2484.375 2953.125 4453
-2390.625 2953.125 4453
-2296.875 2953.125 4453
-2203.125 2953.125 4453
-2109.375 2953.125 4453
-2015.625 2953.125 4453
-1921.875 2953.125 4453
-1828.125 2953.125 4453
-1734.375 2953.125 4453
-1640.625 2953.125 4453
-1546.875 2953.125 4453
-1453.125 2953.125 4453
-1359.375 2953.125 4453
-1265.625 2953.125 4453
-1171.875 2953.125 4453
-1078.125 2953.125 4453
-984.375 2953.125 4453
-890.625 2953.125 4453
-796.875 2953.125 4453
-703.125 2953.125 4453
-609.375 2953.125 4453
-515.625 2953.125 4453
-421.875 2953.125 4453
-328.125 2953.125 4453
-234.375 2953.125 4453
-140.625 2953.125 4453
-46.875 2953.125 4453
46.875 2953.125 4453
140.625 2953.125 4453
234.375 2953.125 4453
328.125 2953.125 4453
421.875 2953.125 4453
515.625 2953.125 4453
609.375 2953.125 4453
703.125 2953.125 4453
796.875 2953.125 4453
890.625 2953.125 4453
984.375 2953.125 4453
1078.125 2953.125 4453
1171.875 2953.125 4453
1265.625 2953.125 4453
1359.375 2953.125 4453
1453.125 2953.125 4453
1546.875 2953.125 4453
1640.625 2953.125 4453
1734.375 2953.125 4453
1828.125 2953.125 4453
1921.875 2953.125 4453
2015.625 2953.125 4453
2109.375 2953.125 4453
2203.125 2953.125 4453
2296.875 2953.125 4453
2390.625 2953.125 4453
2484.375 2953.125 4453
2578.125 2953.125 4453
2671.875 2953.125 4453
2765.625 2953.125 4453
2859.375 2953.125 4453
2953.125 2953.125 4453
